-1 17
-1 18
-1 -19
-1 -21
-1 -22
-1 23
-2 19
-2 18
-2 -17
-2 -23
-2 -22
-2 21
-3 21
-3 22
-3 -23
-3 -25
-3 -26
-3 27
-4 23
-4 22
-4 -21
-4 -27
-4 -26
-4 25
-5 18
-5 19
-5 -20
-5 -22
-5 -23
-5 24
-6 20
-6 19
-6 -18
-6 -24
-6 -23
-6 22
-7 22
-7 23
-7 -24
-7 -26
-7 -27
-7 28
-8 24
-8 23
-8 -22
-8 -28
-8 -27
-8 26
-9 19
-9 20
-9 -17
-9 -23
-9 -24
-9 21
-10 17
-10 20
-10 -19
-10 -21
-10 -24
-10 23
-11 23
-11 24
-11 -21
-11 -27
-11 -28
-11 25
-12 21
-12 24
-12 -23
-12 -25
-12 -28
-12 27
-13 20
-13 17
-13 -18
-13 -24
-13 -21
-13 22
-14 18
-14 17
-14 -20
-14 -22
-14 -21
-14 24
-15 24
-15 21
-15 -22
-15 -28
-15 -25
-15 26
-16 22
-16 21
-16 -24
-16 -26
-16 -25
-16 28
-17 21 1 10 13 14
17 -21 2 9
-21 25 3 12 15 16
21 -25 4 11
-18 22 1 2 5 14
18 -22 6 13
-22 26 3 4 7 16
22 -26 8 15
-19 23 2 5 6 9
19 -23 1 10
-23 27 4 7 8 11
23 -27 3 12
-20 24 6 9 10 13
20 -24 5 14
-24 28 8 11 12 15
24 -28 7 16
-3 -15
-6 -14
-5 -9
-3 -12
-5 -6
-9 -10
-8 -11
-9 -13
-7 -16
-4 -11
-2 -14
-1 -14
-12 -15
-4 -8
-13 -14
-1 -5
-2 -5
-1 -2
-5 -10
-5 -13
-3 -16
-6 -9
-3 -7
-3 -4
-8 -12
-9 -14
-8 -15
-4 -15
-7 -8
-7 -11
-4 -12
-12 -16
-11 -15
-1 -9
-2 -9
-11 -12
-10 -13
-1 -6
-2 -6
-6 -13
-5 -14
-6 -10
-3 -8
-3 -11
-8 -16
-7 -15
-7 -12
-15 -16
-4 -16
-4 -7
-1 -10
-2 -10
-1 -13
-2 -13
-10 -14
-11 -16
-17
18
19
20
25 26 27 28
-25 -26
-25 -27
-25 -28
-26 -27
-26 -28
-27 -28
0
1 Jump(1,2,3,1)
2 Jump(3,2,1,1)
3 Jump(1,2,3,2)
4 Jump(3,2,1,2)
5 Jump(2,3,4,1)
6 Jump(4,3,2,1)
7 Jump(2,3,4,2)
8 Jump(4,3,2,2)
9 Jump(3,4,1,1)
10 Jump(1,4,3,1)
11 Jump(3,4,1,2)
12 Jump(1,4,3,2)
13 Jump(4,1,2,1)
14 Jump(2,1,4,1)
15 Jump(4,1,2,2)
16 Jump(2,1,4,2)
17 Peg(1,1)
18 Peg(2,1)
19 Peg(3,1)
20 Peg(4,1)
21 Peg(1,2)
22 Peg(2,2)
23 Peg(3,2)
24 Peg(4,2)
25 Peg(1,3)
26 Peg(2,3)
27 Peg(3,3)
28 Peg(4,3)
